# w			E+			E-
0.000000	0.896203	0.819432
0.001000	0.892698	0.816080
0.002000	0.889201	0.812736
0.003000	0.885710	0.809399
0.004000	0.882226	0.806068
0.005000	0.878748	0.802745
0.006000	0.875278	0.799428
0.007000	0.871815	0.796118
0.008000	0.868358	0.792815
0.009000	0.864908	0.789519
0.010000	0.861466	0.786230
0.011000	0.858030	0.782947
0.012000	0.854601	0.779672
0.013000	0.851178	0.776403
0.014000	0.847763	0.773141
0.015000	0.844354	0.769886
0.016000	0.840953	0.766638
0.017000	0.837558	0.763397
0.018000	0.834170	0.760162
0.019000	0.830789	0.756935
0.020000	0.827415	0.753714
0.021000	0.824047	0.750500
0.022000	0.820687	0.747293
0.023000	0.817333	0.744093
0.024000	0.813986	0.740900
0.025000	0.810646	0.737714
0.026000	0.807313	0.734534
0.027000	0.803987	0.731362
0.028000	0.800668	0.728196
0.029000	0.797355	0.725037
0.030000	0.794050	0.721885
0.031000	0.790751	0.718740
0.032000	0.787459	0.715601
0.033000	0.784174	0.712470
0.034000	0.780896	0.709345
0.035000	0.777625	0.706227
0.036000	0.774360	0.703117
0.037000	0.771103	0.700013
0.038000	0.767852	0.696915
0.039000	0.764608	0.693825
0.040000	0.761371	0.690742
0.041000	0.758141	0.687665
0.042000	0.754918	0.684595
0.043000	0.751702	0.681533
0.044000	0.748492	0.678477
0.045000	0.745289	0.675427
0.046000	0.742094	0.672385
0.047000	0.738905	0.669350
0.048000	0.735723	0.666321
0.049000	0.732547	0.663300
0.050000	0.729379	0.660285
0.051000	0.726218	0.657277
0.052000	0.723063	0.654276
0.053000	0.719915	0.651282
0.054000	0.716774	0.648294
0.055000	0.713640	0.645314
0.056000	0.710513	0.642340
0.057000	0.707393	0.639373
0.058000	0.704279	0.636413
0.059000	0.701173	0.633460
0.060000	0.698073	0.630514
0.061000	0.694980	0.627575
0.062000	0.691894	0.624643
0.063000	0.688815	0.621717
0.064000	0.685743	0.618798
0.065000	0.682677	0.615886
0.066000	0.679619	0.612981
0.067000	0.676567	0.610083
0.068000	0.673522	0.607192
0.069000	0.670484	0.604307
0.070000	0.667453	0.601430
0.071000	0.664429	0.598559
0.072000	0.661412	0.595695
0.073000	0.658401	0.592838
0.074000	0.655398	0.589988
0.075000	0.652401	0.587145
0.076000	0.649411	0.584309
0.077000	0.646428	0.581479
0.078000	0.643452	0.578657
0.079000	0.640482	0.575841
0.080000	0.637520	0.573032
0.081000	0.634564	0.570230
0.082000	0.631615	0.567435
0.083000	0.628674	0.564646
0.084000	0.625739	0.561865
0.085000	0.622810	0.559090
0.086000	0.619889	0.556322
0.087000	0.616975	0.553562
0.088000	0.614067	0.550808
0.089000	0.611166	0.548060
0.090000	0.608273	0.545320
0.091000	0.605386	0.542587
0.092000	0.602505	0.539860
0.093000	0.599632	0.537140
0.094000	0.596766	0.534427
0.095000	0.593906	0.531721
0.096000	0.591054	0.529022
0.097000	0.588208	0.526330
0.098000	0.585369	0.523645
0.099000	0.582537	0.520966
0.100000	0.579712	0.518294
0.101000	0.576893	0.515630
0.102000	0.574082	0.512972
0.103000	0.571277	0.510321
0.104000	0.568479	0.507676
0.105000	0.565688	0.505039
0.106000	0.562904	0.502409
0.107000	0.560127	0.499785
0.108000	0.557357	0.497168
0.109000	0.554593	0.494558
0.110000	0.551837	0.491955
0.111000	0.549087	0.489359
0.112000	0.546344	0.486770
0.113000	0.543608	0.484187
0.114000	0.540879	0.481612
0.115000	0.538157	0.479043
0.116000	0.535441	0.476481
0.117000	0.532733	0.473926
0.118000	0.530031	0.471378
0.119000	0.527336	0.468837
0.120000	0.524648	0.466302
0.121000	0.521967	0.463775
0.122000	0.519293	0.461254
0.123000	0.516626	0.458740
0.124000	0.513965	0.456233
0.125000	0.511311	0.453733
0.126000	0.508665	0.451240
0.127000	0.506025	0.448753
0.128000	0.503392	0.446274
0.129000	0.500765	0.443801
0.130000	0.498146	0.441335
0.131000	0.495534	0.438876
0.132000	0.492928	0.436424
0.133000	0.490329	0.433979
0.134000	0.487737	0.431541
0.135000	0.485152	0.429109
0.136000	0.482574	0.426685
0.137000	0.480003	0.424267
0.138000	0.477438	0.421856
0.139000	0.474881	0.419452
0.140000	0.472330	0.417055
0.141000	0.469786	0.414664
0.142000	0.467249	0.412281
0.143000	0.464719	0.409904
0.144000	0.462196	0.407535
0.145000	0.459679	0.405172
0.146000	0.457170	0.402816
0.147000	0.454667	0.400467
0.148000	0.452171	0.398124
0.149000	0.449682	0.395789
0.150000	0.447200	0.393460
0.151000	0.444725	0.391139
0.152000	0.442257	0.388824
0.153000	0.439795	0.386516
0.154000	0.437341	0.384215
0.155000	0.434893	0.381921
0.156000	0.432452	0.379633
0.157000	0.430018	0.377353
0.158000	0.427591	0.375079
0.159000	0.425170	0.372812
0.160000	0.422757	0.370552
0.161000	0.420350	0.368299
0.162000	0.417951	0.366053
0.163000	0.415558	0.363814
0.164000	0.413172	0.361581
0.165000	0.410793	0.359356
0.166000	0.408420	0.357137
0.167000	0.406055	0.354925
0.168000	0.403696	0.352720
0.169000	0.401345	0.350522
0.170000	0.399000	0.348331
0.171000	0.396662	0.346146
0.172000	0.394331	0.343969
0.173000	0.392006	0.341798
0.174000	0.389689	0.339634
0.175000	0.387378	0.337477
0.176000	0.385075	0.335327
0.177000	0.382778	0.333184
0.178000	0.380488	0.331047
0.179000	0.378205	0.328918
0.180000	0.375929	0.326795
0.181000	0.373659	0.324679
0.182000	0.371397	0.322570
0.183000	0.369141	0.320468
0.184000	0.366893	0.318373
0.185000	0.364651	0.316285
0.186000	0.362416	0.314203
0.187000	0.360187	0.312129
0.188000	0.357966	0.310061
0.189000	0.355752	0.308000
0.190000	0.353544	0.305946
0.191000	0.351343	0.303899
0.192000	0.349149	0.301858
0.193000	0.346962	0.299825
0.194000	0.344782	0.297798
0.195000	0.342609	0.295779
0.196000	0.340443	0.293766
0.197000	0.338283	0.291760
0.198000	0.336130	0.289761
0.199000	0.333985	0.287768
0.200000	0.331846	0.285783
0.201000	0.329714	0.283804
0.202000	0.327588	0.281833
0.203000	0.325470	0.279868
0.204000	0.323358	0.277910
0.205000	0.321254	0.275959
0.206000	0.319156	0.274014
0.207000	0.317065	0.272077
0.208000	0.314981	0.270146
0.209000	0.312904	0.268223
0.210000	0.310833	0.266306
0.211000	0.308770	0.264396
0.212000	0.306713	0.262493
0.213000	0.304664	0.260597
0.214000	0.302621	0.258707
0.215000	0.300585	0.256825
0.216000	0.298555	0.254949
0.217000	0.296533	0.253081
0.218000	0.294518	0.251219
0.219000	0.292509	0.249364
0.220000	0.290507	0.247516
0.221000	0.288513	0.245674
0.222000	0.286525	0.243840
0.223000	0.284543	0.242012
0.224000	0.282569	0.240191
0.225000	0.280602	0.238378
0.226000	0.278641	0.236571
0.227000	0.276688	0.234770
0.228000	0.274741	0.232977
0.229000	0.272801	0.231191
0.230000	0.270868	0.229411
0.231000	0.268942	0.227639
0.232000	0.267022	0.225873
0.233000	0.265110	0.224114
0.234000	0.263204	0.222362
0.235000	0.261305	0.220616
0.236000	0.259413	0.218878
0.237000	0.257528	0.217147
0.238000	0.255650	0.215422
0.239000	0.253779	0.213704
0.240000	0.251914	0.211993
0.241000	0.250057	0.210289
0.242000	0.248206	0.208592
0.243000	0.246362	0.206902
0.244000	0.244525	0.205218
0.245000	0.242695	0.203542
0.246000	0.240872	0.201872
0.247000	0.239055	0.200209
0.248000	0.237246	0.198553
0.249000	0.235443	0.196904
0.250000	0.233647	0.195261
0.251000	0.231858	0.193626
0.252000	0.230076	0.191997
0.253000	0.228301	0.190376
0.254000	0.226532	0.188761
0.255000	0.224771	0.187153
0.256000	0.223016	0.185552
0.257000	0.221268	0.183958
0.258000	0.219527	0.182370
0.259000	0.217793	0.180790
0.260000	0.216066	0.179216
0.261000	0.214346	0.177649
0.262000	0.212632	0.176089
0.263000	0.210926	0.174536
0.264000	0.209226	0.172990
0.265000	0.207533	0.171451
0.266000	0.205847	0.169918
0.267000	0.204168	0.168392
0.268000	0.202496	0.166874
0.269000	0.200830	0.165362
0.270000	0.199172	0.163857
0.271000	0.197520	0.162359
0.272000	0.195875	0.160867
0.273000	0.194237	0.159383
0.274000	0.192606	0.157905
0.275000	0.190982	0.156434
0.276000	0.189364	0.154971
0.277000	0.187754	0.153514
0.278000	0.186150	0.152063
0.279000	0.184553	0.150620
0.280000	0.182963	0.149184
0.281000	0.181380	0.147754
0.282000	0.179804	0.146331
0.283000	0.178234	0.144916
0.284000	0.176672	0.143507
0.285000	0.175116	0.142105
0.286000	0.173567	0.140709
0.287000	0.172026	0.139321
0.288000	0.170490	0.137939
0.289000	0.168962	0.136565
0.290000	0.167441	0.135197
0.291000	0.165926	0.133836
0.292000	0.164419	0.132482
0.293000	0.162918	0.131135
0.294000	0.161424	0.129794
0.295000	0.159937	0.128461
0.296000	0.158457	0.127134
0.297000	0.156984	0.125815
0.298000	0.155517	0.124502
0.299000	0.154058	0.123196
0.300000	0.152605	0.121896
0.301000	0.151159	0.120604
0.302000	0.149720	0.119319
0.303000	0.148288	0.118040
0.304000	0.146863	0.116768
0.305000	0.145444	0.115504
0.306000	0.144033	0.114246
0.307000	0.142628	0.112994
0.308000	0.141230	0.111750
0.309000	0.139839	0.110513
0.310000	0.138455	0.109282
0.311000	0.137078	0.108059
0.312000	0.135708	0.106842
0.313000	0.134344	0.105632
0.314000	0.132988	0.104429
0.315000	0.131638	0.103232
0.316000	0.130295	0.102043
0.317000	0.128959	0.100861
0.318000	0.127630	0.099685
0.319000	0.126307	0.098516
0.320000	0.124992	0.097354
0.321000	0.123683	0.096199
0.322000	0.122382	0.095051
0.323000	0.121087	0.093910
0.324000	0.119799	0.092775
0.325000	0.118518	0.091648
0.326000	0.117243	0.090527
0.327000	0.115976	0.089413
0.328000	0.114715	0.088306
0.329000	0.113462	0.087206
0.330000	0.112215	0.086113
0.331000	0.110975	0.085026
0.332000	0.109742	0.083947
0.333000	0.108515	0.082874
0.334000	0.107296	0.081808
0.335000	0.106084	0.080749
0.336000	0.104878	0.079697
0.337000	0.103679	0.078652
0.338000	0.102487	0.077613
0.339000	0.101302	0.076582
0.340000	0.100124	0.075557
0.341000	0.098953	0.074539
0.342000	0.097788	0.073528
0.343000	0.096630	0.072524
0.344000	0.095480	0.071527
0.345000	0.094336	0.070537
0.346000	0.093199	0.069553
0.347000	0.092069	0.068577
0.348000	0.090945	0.067607
0.349000	0.089829	0.066644
0.350000	0.088719	0.065688
0.351000	0.087617	0.064739
0.352000	0.086521	0.063796
0.353000	0.085432	0.062861
0.354000	0.084350	0.061932
0.355000	0.083274	0.061011
0.356000	0.082206	0.060096
0.357000	0.081144	0.059188
0.358000	0.080090	0.058287
0.359000	0.079042	0.057392
0.360000	0.078001	0.056505
0.361000	0.076967	0.055624
0.362000	0.075940	0.054751
0.363000	0.074919	0.053884
0.364000	0.073906	0.053024
0.365000	0.072899	0.052171
0.366000	0.071899	0.051325
0.367000	0.070906	0.050485
0.368000	0.069920	0.049653
0.369000	0.068941	0.048827
0.370000	0.067969	0.048008
0.371000	0.067003	0.047196
0.372000	0.066045	0.046391
0.373000	0.065093	0.045593
0.374000	0.064148	0.044802
0.375000	0.063210	0.044017
0.376000	0.062279	0.043240
0.377000	0.061355	0.042469
0.378000	0.060437	0.041705
0.379000	0.059527	0.040948
0.380000	0.058623	0.040198
0.381000	0.057726	0.039454
0.382000	0.056836	0.038718
0.383000	0.055953	0.037988
0.384000	0.055077	0.037266
0.385000	0.054207	0.036550
0.386000	0.053345	0.035841
0.387000	0.052489	0.035139
0.388000	0.051640	0.034443
0.389000	0.050798	0.033755
0.390000	0.049963	0.033074
0.391000	0.049135	0.032399
0.392000	0.048314	0.031731
0.393000	0.047499	0.031070
0.394000	0.046691	0.030416
0.395000	0.045891	0.029769
0.396000	0.045097	0.029128
0.397000	0.044310	0.028495
0.398000	0.043530	0.027868
0.399000	0.042756	0.027248
0.400000	0.041990	0.026636
0.401000	0.041230	0.026030
0.402000	0.040477	0.025430
0.403000	0.039732	0.024838
0.404000	0.038993	0.024253
0.405000	0.038260	0.023674
0.406000	0.037535	0.023102
0.407000	0.036817	0.022537
0.408000	0.036105	0.021979
0.409000	0.035401	0.021428
0.410000	0.034703	0.020884
0.411000	0.034012	0.020346
0.412000	0.033328	0.019816
0.413000	0.032650	0.019292
0.414000	0.031980	0.018775
0.415000	0.031316	0.018265
0.416000	0.030660	0.017762
0.417000	0.030010	0.017266
0.418000	0.029367	0.016777
0.419000	0.028731	0.016294
0.420000	0.028102	0.015818
0.421000	0.027479	0.015350
0.422000	0.026864	0.014888
0.423000	0.026255	0.014433
0.424000	0.025654	0.013984
0.425000	0.025059	0.013543
0.426000	0.024471	0.013109
0.427000	0.023890	0.012681
0.428000	0.023315	0.012260
0.429000	0.022748	0.011846
0.430000	0.022187	0.011439
0.431000	0.021633	0.011039
0.432000	0.021087	0.010646
0.433000	0.020547	0.010259
0.434000	0.020014	0.009880
0.435000	0.019487	0.009507
0.436000	0.018968	0.009141
0.437000	0.018455	0.008782
0.438000	0.017950	0.008430
0.439000	0.017451	0.008085
0.440000	0.016959	0.007746
0.441000	0.016474	0.007415
0.442000	0.015996	0.007090
0.443000	0.015524	0.006772
0.444000	0.015060	0.006461
0.445000	0.014602	0.006157
0.446000	0.014151	0.005860
0.447000	0.013707	0.005570
0.448000	0.013270	0.005286
0.449000	0.012840	0.005009
0.450000	0.012417	0.004740
0.451000	0.012000	0.004477
0.452000	0.011591	0.004221
0.453000	0.011188	0.003971
0.454000	0.010792	0.003729
0.455000	0.010403	0.003494
0.456000	0.010021	0.003265
0.457000	0.009646	0.003043
0.458000	0.009277	0.002828
0.459000	0.008916	0.002620
0.460000	0.008561	0.002419
0.461000	0.008213	0.002225
0.462000	0.007872	0.002037
0.463000	0.007538	0.001857
0.464000	0.007211	0.001683
0.465000	0.006890	0.001516
0.466000	0.006577	0.001356
0.467000	0.006270	0.001203
0.468000	0.005970	0.001057
0.469000	0.005677	0.000918
0.470000	0.005391	0.000785
0.471000	0.005112	0.000659
0.472000	0.004840	0.000541
0.473000	0.004574	0.000429
0.474000	0.004316	0.000323
0.475000	0.004064	0.000225
0.476000	0.003819	0.000134
0.477000	0.003581	0.000049
0.478000	0.003350	-0.000028
0.479000	0.003125	-0.000099
0.480000	0.002908	-0.000163
0.481000	0.002697	-0.000220
0.482000	0.002494	-0.000270
0.483000	0.002297	-0.000313
0.484000	0.002107	-0.000350
0.485000	0.001924	-0.000380
0.486000	0.001747	-0.000402
0.487000	0.001578	-0.000418
0.488000	0.001415	-0.000427
0.489000	0.001260	-0.000429
0.490000	0.001111	-0.000425
0.491000	0.000969	-0.000413
0.492000	0.000834	-0.000395
0.493000	0.000706	-0.000369
0.494000	0.000584	-0.000337
0.495000	0.000470	-0.000298
0.496000	0.000362	-0.000252
0.497000	0.000261	-0.000199
0.498000	0.000167	-0.000140
0.499000	0.000080	-0.000073
0.500000	0.000000	0.000000
0.501000	0.000390	-0.000371
0.502000	0.000798	-0.000724
0.503000	0.001225	-0.001058
0.504000	0.001671	-0.001374
0.505000	0.002135	-0.001671
0.506000	0.002618	-0.001950
0.507000	0.003119	-0.002210
0.508000	0.003638	-0.002451
0.509000	0.004177	-0.002674
0.510000	0.004734	-0.002878
0.511000	0.005309	-0.003064
0.512000	0.005903	-0.003231
0.513000	0.006515	-0.003380
0.514000	0.007146	-0.003510
0.515000	0.007796	-0.003622
0.516000	0.008464	-0.003715
0.517000	0.009151	-0.003789
0.518000	0.009856	-0.003845
0.519000	0.010580	-0.003883
0.520000	0.011322	-0.003902
0.521000	0.012083	-0.003902
0.522000	0.012863	-0.003884
0.523000	0.013661	-0.003847
0.524000	0.014477	-0.003791
0.525000	0.015312	-0.003717
0.526000	0.016166	-0.003625
0.527000	0.017038	-0.003514
0.528000	0.017929	-0.003384
0.529000	0.018838	-0.003236
0.530000	0.019766	-0.003069
0.531000	0.020713	-0.002884
0.532000	0.021678	-0.002680
0.533000	0.022661	-0.002458
0.534000	0.023663	-0.002217
0.535000	0.024684	-0.001958
0.536000	0.025723	-0.001680
0.537000	0.026781	-0.001383
0.538000	0.027857	-0.001068
0.539000	0.028952	-0.000734
0.540000	0.030065	-0.000382
0.541000	0.031197	-0.000011
0.542000	0.032348	0.000378
0.543000	0.033517	0.000786
0.544000	0.034705	0.001212
0.545000	0.035911	0.001657
0.546000	0.037135	0.002121
0.547000	0.038379	0.002603
0.548000	0.039641	0.003103
0.549000	0.040921	0.003623
0.550000	0.042220	0.004160
0.551000	0.043537	0.004717
0.552000	0.044873	0.005291
0.553000	0.046228	0.005885
0.554000	0.047601	0.006497
0.555000	0.048993	0.007127
0.556000	0.050403	0.007776
0.557000	0.051832	0.008444
0.558000	0.053279	0.009130
0.559000	0.054745	0.009835
0.560000	0.056229	0.010558
0.561000	0.057732	0.011300
0.562000	0.059254	0.012060
0.563000	0.060794	0.012839
0.564000	0.062353	0.013636
0.565000	0.063930	0.014452
0.566000	0.065526	0.015287
0.567000	0.067140	0.016140
0.568000	0.068773	0.017012
0.569000	0.070424	0.017902
0.570000	0.072094	0.018811
0.571000	0.073783	0.019738
0.572000	0.075490	0.020684
0.573000	0.077215	0.021648
0.574000	0.078960	0.022631
0.575000	0.080722	0.023633
0.576000	0.082504	0.024653
0.577000	0.084303	0.025692
0.578000	0.086122	0.026749
0.579000	0.087959	0.027825
0.580000	0.089814	0.028919
0.581000	0.091688	0.030032
0.582000	0.093581	0.031163
0.583000	0.095492	0.032313
0.584000	0.097422	0.033482
0.585000	0.099370	0.034669
0.586000	0.101337	0.035874
0.587000	0.103322	0.037098
0.588000	0.105326	0.038341
0.589000	0.107348	0.039602
0.590000	0.109389	0.040882
0.591000	0.111449	0.042180
0.592000	0.113527	0.043497
0.593000	0.115624	0.044833
0.594000	0.117739	0.046187
0.595000	0.119873	0.047559
0.596000	0.122025	0.048951
0.597000	0.124196	0.050360
0.598000	0.126385	0.051788
0.599000	0.128593	0.053235
0.600000	0.130820	0.054701
0.601000	0.133065	0.056184
0.602000	0.135328	0.057687
0.603000	0.137611	0.059208
0.604000	0.139911	0.060747
0.605000	0.142231	0.062305
0.606000	0.144568	0.063882
0.607000	0.146925	0.065477
0.608000	0.149300	0.067091
0.609000	0.151693	0.068723
0.610000	0.154105	0.070374
0.611000	0.156536	0.072044
0.612000	0.158985	0.073732
0.613000	0.161453	0.075438
0.614000	0.163939	0.077163
0.615000	0.166444	0.078907
0.616000	0.168967	0.080669
0.617000	0.171509	0.082450
0.618000	0.174069	0.084249
0.619000	0.176648	0.086067
0.620000	0.179246	0.087903
0.621000	0.181862	0.089758
0.622000	0.184497	0.091631
0.623000	0.187150	0.093524
0.624000	0.189822	0.095434
0.625000	0.192512	0.097363
0.626000	0.195221	0.099311
0.627000	0.197948	0.101277
0.628000	0.200694	0.103262
0.629000	0.203459	0.105265
0.630000	0.206242	0.107287
0.631000	0.209044	0.109328
0.632000	0.211864	0.111387
0.633000	0.214703	0.113464
0.634000	0.217560	0.115560
0.635000	0.220436	0.117675
0.636000	0.223330	0.119808
0.637000	0.226243	0.121960
0.638000	0.229175	0.124130
0.639000	0.232125	0.126319
0.640000	0.235093	0.128526
0.641000	0.238080	0.130752
0.642000	0.241086	0.132997
0.643000	0.244110	0.135260
0.644000	0.247153	0.137542
0.645000	0.250215	0.139842
0.646000	0.253294	0.142161
0.647000	0.256393	0.144498
0.648000	0.259510	0.146854
0.649000	0.262645	0.149228
0.650000	0.265800	0.151621
0.651000	0.268972	0.154032
0.652000	0.272164	0.156462
0.653000	0.275373	0.158911
0.654000	0.278602	0.161378
0.655000	0.281848	0.163864
0.656000	0.285114	0.166368
0.657000	0.288398	0.168891
0.658000	0.291700	0.171432
0.659000	0.295022	0.173992
0.660000	0.298361	0.176571
0.661000	0.301719	0.179168
0.662000	0.305096	0.181783
0.663000	0.308491	0.184417
0.664000	0.311905	0.187070
0.665000	0.315338	0.189741
0.666000	0.318789	0.192431
0.667000	0.322258	0.195139
0.668000	0.325746	0.197866
0.669000	0.329253	0.200612
0.670000	0.332778	0.203375
0.671000	0.336322	0.206158
0.672000	0.339884	0.208959
0.673000	0.343465	0.211779
0.674000	0.347064	0.214617
0.675000	0.350682	0.217474
0.676000	0.354319	0.220349
0.677000	0.357974	0.223243
0.678000	0.361647	0.226155
0.679000	0.365339	0.229086
0.680000	0.369050	0.232036
0.681000	0.372779	0.235004
0.682000	0.376527	0.237990
0.683000	0.380293	0.240995
0.684000	0.384078	0.244019
0.685000	0.387882	0.247061
0.686000	0.391704	0.250122
0.687000	0.395544	0.253201
0.688000	0.399403	0.256299
0.689000	0.403281	0.259416
0.690000	0.407177	0.262551
0.691000	0.411092	0.265704
0.692000	0.415025	0.268877
0.693000	0.418977	0.272067
0.694000	0.422948	0.275276
0.695000	0.426936	0.278504
0.696000	0.430944	0.281751
0.697000	0.434970	0.285015
0.698000	0.439015	0.288299
0.699000	0.443078	0.291601
0.700000	0.447160	0.294921
0.701000	0.451260	0.298260
0.702000	0.455379	0.301618
0.703000	0.459516	0.304994
0.704000	0.463672	0.308389
0.705000	0.467846	0.311802
0.706000	0.472040	0.315234
0.707000	0.476251	0.318685
0.708000	0.480481	0.322153
0.709000	0.484730	0.325641
0.710000	0.488997	0.329147
0.711000	0.493283	0.332672
0.712000	0.497587	0.336215
0.713000	0.501910	0.339777
0.714000	0.506252	0.343357
0.715000	0.510612	0.346956
0.716000	0.514990	0.350573
0.717000	0.519387	0.354209
0.718000	0.523803	0.357863
0.719000	0.528237	0.361536
0.720000	0.532690	0.365228
0.721000	0.537161	0.368938
0.722000	0.541651	0.372667
0.723000	0.546160	0.376414
0.724000	0.550687	0.380180
0.725000	0.555232	0.383964
0.726000	0.559796	0.387767
0.727000	0.564379	0.391588
0.728000	0.568980	0.395428
0.729000	0.573600	0.399287
0.730000	0.578238	0.403164
0.731000	0.582895	0.407060
0.732000	0.587570	0.410974
0.733000	0.592264	0.414907
0.734000	0.596977	0.418858
0.735000	0.601708	0.422828
0.736000	0.606457	0.426816
0.737000	0.611225	0.430823
0.738000	0.616012	0.434849
0.739000	0.620817	0.438893
0.740000	0.625641	0.442955
0.741000	0.630484	0.447036
0.742000	0.635344	0.451136
0.743000	0.640224	0.455254
0.744000	0.645122	0.459391
0.745000	0.650039	0.463547
0.746000	0.654974	0.467721
0.747000	0.659927	0.471913
0.748000	0.664900	0.476124
0.749000	0.669890	0.480354
0.750000	0.674900	0.484602
0.751000	0.679927	0.488869
0.752000	0.684974	0.493154
0.753000	0.690039	0.497458
0.754000	0.695122	0.501780
0.755000	0.700225	0.506121
0.756000	0.705345	0.510480
0.757000	0.710484	0.514858
0.758000	0.715642	0.519255
0.759000	0.720818	0.523670
0.760000	0.726013	0.528104
0.761000	0.731227	0.532556
0.762000	0.736459	0.537026
0.763000	0.741709	0.541516
0.764000	0.746978	0.546024
0.765000	0.752266	0.550550
0.766000	0.757572	0.555095
0.767000	0.762897	0.559659
0.768000	0.768240	0.564241
0.769000	0.773602	0.568841
0.770000	0.778982	0.573460
0.771000	0.784381	0.578098
0.772000	0.789798	0.582754
0.773000	0.795234	0.587429
0.774000	0.800689	0.592123
0.775000	0.806162	0.596835
0.776000	0.811654	0.601565
0.777000	0.817164	0.606314
0.778000	0.822693	0.611082
0.779000	0.828240	0.615868
0.780000	0.833806	0.620673
0.781000	0.839391	0.625496
0.782000	0.844994	0.630338
0.783000	0.850615	0.635198
0.784000	0.856255	0.640077
0.785000	0.861914	0.644974
0.786000	0.867591	0.649890
0.787000	0.873287	0.654825
0.788000	0.879001	0.659778
0.789000	0.884734	0.664750
0.790000	0.890485	0.669740
0.791000	0.896255	0.674749
0.792000	0.902044	0.679776
0.793000	0.907851	0.684822
0.794000	0.913676	0.689886
0.795000	0.919521	0.694969
0.796000	0.925383	0.700071
0.797000	0.931265	0.705191
0.798000	0.937164	0.710329
0.799000	0.943083	0.715487
0.800000	0.949020	0.720662
0.801000	0.954975	0.725857
0.802000	0.960949	0.731069
0.803000	0.966942	0.736301
0.804000	0.972953	0.741551
0.805000	0.978983	0.746819
0.806000	0.985031	0.752106
0.807000	0.991098	0.757412
0.808000	0.997183	0.762736
0.809000	1.003287	0.768079
0.810000	1.009409	0.773440
0.811000	1.015550	0.778820
0.812000	1.021710	0.784218
0.813000	1.027888	0.789635
0.814000	1.034085	0.795071
0.815000	1.040300	0.800525
0.816000	1.046534	0.805997
0.817000	1.052786	0.811488
0.818000	1.059057	0.816998
0.819000	1.065346	0.822526
0.820000	1.071654	0.828073
0.821000	1.077981	0.833638
0.822000	1.084326	0.839222
0.823000	1.090689	0.844825
0.824000	1.097072	0.850446
0.825000	1.103472	0.856085
0.826000	1.109892	0.861743
0.827000	1.116329	0.867420
0.828000	1.122786	0.873115
0.829000	1.129261	0.878829
0.830000	1.135754	0.884561
0.831000	1.142266	0.890312
0.832000	1.148797	0.896081
0.833000	1.155346	0.901869
0.834000	1.161914	0.907676
0.835000	1.168500	0.913501
0.836000	1.175105	0.919344
0.837000	1.181728	0.925207
0.838000	1.188370	0.931087
0.839000	1.195030	0.936987
0.840000	1.201709	0.942904
0.841000	1.208407	0.948841
0.842000	1.215123	0.954796
0.843000	1.221858	0.960769
0.844000	1.228611	0.966761
0.845000	1.235383	0.972772
0.846000	1.242173	0.978801
0.847000	1.248982	0.984849
0.848000	1.255809	0.990915
0.849000	1.262655	0.997000
0.850000	1.269520	1.003103
0.851000	1.276403	1.009225
0.852000	1.283305	1.015365
0.853000	1.290225	1.021524
0.854000	1.297164	1.027702
0.855000	1.304121	1.033898
0.856000	1.311097	1.040113
0.857000	1.318091	1.046346
0.858000	1.325104	1.052598
0.859000	1.332135	1.058868
0.860000	1.339186	1.065157
0.861000	1.346254	1.071464
0.862000	1.353341	1.077790
0.863000	1.360447	1.084135
0.864000	1.367571	1.090498
0.865000	1.374714	1.096879
0.866000	1.381875	1.103279
0.867000	1.389055	1.109698
0.868000	1.396254	1.116135
0.869000	1.403471	1.122591
0.870000	1.410706	1.129066
0.871000	1.417960	1.135559
0.872000	1.425233	1.142070
0.873000	1.432524	1.148600
0.874000	1.439834	1.155149
0.875000	1.447162	1.161716
0.876000	1.454509	1.168301
0.877000	1.461875	1.174906
0.878000	1.469259	1.181529
0.879000	1.476661	1.188170
0.880000	1.484082	1.194830
0.881000	1.491522	1.201508
0.882000	1.498980	1.208205
0.883000	1.506457	1.214921
0.884000	1.513952	1.221655
0.885000	1.521466	1.228408
0.886000	1.528999	1.235179
0.887000	1.536549	1.241968
0.888000	1.544119	1.248777
0.889000	1.551707	1.255604
0.890000	1.559314	1.262449
0.891000	1.566939	1.269313
0.892000	1.574583	1.276196
0.893000	1.582245	1.283097
0.894000	1.589926	1.290016
0.895000	1.597625	1.296954
0.896000	1.605343	1.303911
0.897000	1.613079	1.310886
0.898000	1.620834	1.317880
0.899000	1.628608	1.324893
0.900000	1.636400	1.331924
0.901000	1.644211	1.338973
0.902000	1.652040	1.346041
0.903000	1.659888	1.353128
0.904000	1.667754	1.360233
0.905000	1.675639	1.367357
0.906000	1.683542	1.374499
0.907000	1.691464	1.381660
0.908000	1.699405	1.388839
0.909000	1.707364	1.396037
0.910000	1.715342	1.403253
0.911000	1.723338	1.410488
0.912000	1.731353	1.417742
0.913000	1.739386	1.425014
0.914000	1.747438	1.432305
0.915000	1.755508	1.439614
0.916000	1.763597	1.446942
0.917000	1.771705	1.454288
0.918000	1.779831	1.461653
0.919000	1.787975	1.469036
0.920000	1.796139	1.476438
0.921000	1.804320	1.483859
0.922000	1.812521	1.491298
0.923000	1.820739	1.498756
0.924000	1.828977	1.506232
0.925000	1.837233	1.513726
0.926000	1.845507	1.521240
0.927000	1.853800	1.528772
0.928000	1.862112	1.536322
0.929000	1.870442	1.543891
0.930000	1.878791	1.551478
0.931000	1.887158	1.559084
0.932000	1.895544	1.566709
0.933000	1.903948	1.574352
0.934000	1.912371	1.582014
0.935000	1.920812	1.589694
0.936000	1.929272	1.597393
0.937000	1.937751	1.605110
0.938000	1.946248	1.612846
0.939000	1.954764	1.620601
0.940000	1.963298	1.628374
0.941000	1.971851	1.636165
0.942000	1.980422	1.643975
0.943000	1.989012	1.651804
0.944000	1.997620	1.659651
0.945000	2.006247	1.667517
0.946000	2.014893	1.675401
0.947000	2.023557	1.683304
0.948000	2.032239	1.691226
0.949000	2.040941	1.699166
0.950000	2.049660	1.707124
0.951000	2.058399	1.715101
0.952000	2.067155	1.723097
0.953000	2.075931	1.731111
0.954000	2.084725	1.739144
0.955000	2.093537	1.747195
0.956000	2.102368	1.755265
0.957000	2.111218	1.763354
0.958000	2.120086	1.771461
0.959000	2.128973	1.779586
0.960000	2.137878	1.787730
0.961000	2.146802	1.795893
0.962000	2.155744	1.804074
0.963000	2.164705	1.812274
0.964000	2.173685	1.820492
0.965000	2.182683	1.828729
0.966000	2.191699	1.836984
0.967000	2.200734	1.845258
0.968000	2.209788	1.853550
0.969000	2.218860	1.861861
0.970000	2.227951	1.870191
0.971000	2.237060	1.878539
0.972000	2.246188	1.886906
0.973000	2.255335	1.895291
0.974000	2.264499	1.903695
0.975000	2.273683	1.912117
0.976000	2.282885	1.920558
0.977000	2.292106	1.929018
0.978000	2.301345	1.937496
0.979000	2.310603	1.945992
0.980000	2.319879	1.954507
0.981000	2.329174	1.963041
0.982000	2.338487	1.971593
0.983000	2.347819	1.980164
0.984000	2.357170	1.988753
0.985000	2.366539	1.997361
0.986000	2.375926	2.005987
0.987000	2.385332	2.014632
0.988000	2.394757	2.023296
0.989000	2.404200	2.031978
0.990000	2.413662	2.040679
0.991000	2.423143	2.049398
0.992000	2.432641	2.058135
0.993000	2.442159	2.066892
0.994000	2.451695	2.075667
0.995000	2.461250	2.084460
0.996000	2.470823	2.093272
0.997000	2.480414	2.102102
0.998000	2.490025	2.110951
0.999000	2.499653	2.119819
1.000000	2.509301	2.128705
1.001000	2.518967	2.137610
1.002000	2.528651	2.146533
1.003000	2.538354	2.155475
1.004000	2.548076	2.164435
1.005000	2.557816	2.173414
1.006000	2.567574	2.182412
1.007000	2.577351	2.191428
1.008000	2.587147	2.200462
1.009000	2.596962	2.209515
1.010000	2.606794	2.218587
1.011000	2.616646	2.227677
1.012000	2.626516	2.236786
1.013000	2.636404	2.245913
1.014000	2.646311	2.255059
1.015000	2.656237	2.264223
1.016000	2.666181	2.273406
1.017000	2.676144	2.282608
1.018000	2.686125	2.291828
1.019000	2.696125	2.301067
